{
 "cells": [
  {
   "cell_type": "markdown",
   "id": "attended-township",
   "metadata": {},
   "source": [
    "# XGBoost simple example (SageMaker version)\n",
    "\n",
    "source : https://www.datacamp.com/community/tutorials/xgboost-in-python"
   ]
  },
  {
   "cell_type": "markdown",
   "id": "ea826f87",
   "metadata": {},
   "source": [
    "- 미리 boston_train.csv와 boston_test.csv를 노트북에서 업로드하여 사용한다"
   ]
  },
  {
   "cell_type": "markdown",
   "id": "stainless-sample",
   "metadata": {},
   "source": [
    "### 학습/테스트 데이터셋  S3 데이터 업로드"
   ]
  },
  {
   "cell_type": "code",
   "execution_count": 1,
   "id": "f5ca413f",
   "metadata": {},
   "outputs": [
    {
     "data": {
      "text/html": [
       "<div>\n",
       "<style scoped>\n",
       "    .dataframe tbody tr th:only-of-type {\n",
       "        vertical-align: middle;\n",
       "    }\n",
       "\n",
       "    .dataframe tbody tr th {\n",
       "        vertical-align: top;\n",
       "    }\n",
       "\n",
       "    .dataframe thead th {\n",
       "        text-align: right;\n",
       "    }\n",
       "</style>\n",
       "<table border=\"1\" class=\"dataframe\">\n",
       "  <thead>\n",
       "    <tr style=\"text-align: right;\">\n",
       "      <th></th>\n",
       "      <th>0</th>\n",
       "      <th>1</th>\n",
       "      <th>2</th>\n",
       "      <th>3</th>\n",
       "      <th>4</th>\n",
       "      <th>5</th>\n",
       "      <th>6</th>\n",
       "      <th>7</th>\n",
       "      <th>8</th>\n",
       "      <th>9</th>\n",
       "    </tr>\n",
       "  </thead>\n",
       "  <tbody>\n",
       "    <tr>\n",
       "      <th>0</th>\n",
       "      <td>2.30040</td>\n",
       "      <td>0.0</td>\n",
       "      <td>19.58</td>\n",
       "      <td>0.605</td>\n",
       "      <td>6.319</td>\n",
       "      <td>96.1</td>\n",
       "      <td>2.1000</td>\n",
       "      <td>403</td>\n",
       "      <td>14.7</td>\n",
       "      <td>23.8</td>\n",
       "    </tr>\n",
       "    <tr>\n",
       "      <th>1</th>\n",
       "      <td>13.35980</td>\n",
       "      <td>0.0</td>\n",
       "      <td>18.10</td>\n",
       "      <td>0.693</td>\n",
       "      <td>5.887</td>\n",
       "      <td>94.7</td>\n",
       "      <td>1.7821</td>\n",
       "      <td>666</td>\n",
       "      <td>20.2</td>\n",
       "      <td>12.7</td>\n",
       "    </tr>\n",
       "    <tr>\n",
       "      <th>2</th>\n",
       "      <td>0.12744</td>\n",
       "      <td>0.0</td>\n",
       "      <td>6.91</td>\n",
       "      <td>0.448</td>\n",
       "      <td>6.770</td>\n",
       "      <td>2.9</td>\n",
       "      <td>5.7209</td>\n",
       "      <td>233</td>\n",
       "      <td>17.9</td>\n",
       "      <td>26.6</td>\n",
       "    </tr>\n",
       "    <tr>\n",
       "      <th>3</th>\n",
       "      <td>0.15876</td>\n",
       "      <td>0.0</td>\n",
       "      <td>10.81</td>\n",
       "      <td>0.413</td>\n",
       "      <td>5.961</td>\n",
       "      <td>17.5</td>\n",
       "      <td>5.2873</td>\n",
       "      <td>305</td>\n",
       "      <td>19.2</td>\n",
       "      <td>21.7</td>\n",
       "    </tr>\n",
       "    <tr>\n",
       "      <th>4</th>\n",
       "      <td>0.03768</td>\n",
       "      <td>80.0</td>\n",
       "      <td>1.52</td>\n",
       "      <td>0.404</td>\n",
       "      <td>7.274</td>\n",
       "      <td>38.3</td>\n",
       "      <td>7.3090</td>\n",
       "      <td>329</td>\n",
       "      <td>12.6</td>\n",
       "      <td>34.6</td>\n",
       "    </tr>\n",
       "    <tr>\n",
       "      <th>...</th>\n",
       "      <td>...</td>\n",
       "      <td>...</td>\n",
       "      <td>...</td>\n",
       "      <td>...</td>\n",
       "      <td>...</td>\n",
       "      <td>...</td>\n",
       "      <td>...</td>\n",
       "      <td>...</td>\n",
       "      <td>...</td>\n",
       "      <td>...</td>\n",
       "    </tr>\n",
       "    <tr>\n",
       "      <th>395</th>\n",
       "      <td>0.23912</td>\n",
       "      <td>0.0</td>\n",
       "      <td>9.69</td>\n",
       "      <td>0.585</td>\n",
       "      <td>6.019</td>\n",
       "      <td>65.3</td>\n",
       "      <td>2.4091</td>\n",
       "      <td>391</td>\n",
       "      <td>19.2</td>\n",
       "      <td>21.2</td>\n",
       "    </tr>\n",
       "    <tr>\n",
       "      <th>396</th>\n",
       "      <td>0.04560</td>\n",
       "      <td>0.0</td>\n",
       "      <td>13.89</td>\n",
       "      <td>0.550</td>\n",
       "      <td>5.888</td>\n",
       "      <td>56.0</td>\n",
       "      <td>3.1121</td>\n",
       "      <td>276</td>\n",
       "      <td>16.4</td>\n",
       "      <td>23.3</td>\n",
       "    </tr>\n",
       "    <tr>\n",
       "      <th>397</th>\n",
       "      <td>1.38799</td>\n",
       "      <td>0.0</td>\n",
       "      <td>8.14</td>\n",
       "      <td>0.538</td>\n",
       "      <td>5.950</td>\n",
       "      <td>82.0</td>\n",
       "      <td>3.9900</td>\n",
       "      <td>307</td>\n",
       "      <td>21.0</td>\n",
       "      <td>13.2</td>\n",
       "    </tr>\n",
       "    <tr>\n",
       "      <th>398</th>\n",
       "      <td>7.36711</td>\n",
       "      <td>0.0</td>\n",
       "      <td>18.10</td>\n",
       "      <td>0.679</td>\n",
       "      <td>6.193</td>\n",
       "      <td>78.1</td>\n",
       "      <td>1.9356</td>\n",
       "      <td>666</td>\n",
       "      <td>20.2</td>\n",
       "      <td>11.0</td>\n",
       "    </tr>\n",
       "    <tr>\n",
       "      <th>399</th>\n",
       "      <td>0.14150</td>\n",
       "      <td>0.0</td>\n",
       "      <td>6.91</td>\n",
       "      <td>0.448</td>\n",
       "      <td>6.169</td>\n",
       "      <td>6.6</td>\n",
       "      <td>5.7209</td>\n",
       "      <td>233</td>\n",
       "      <td>17.9</td>\n",
       "      <td>25.3</td>\n",
       "    </tr>\n",
       "  </tbody>\n",
       "</table>\n",
       "<p>400 rows × 10 columns</p>\n",
       "</div>"
      ],
      "text/plain": [
       "            0     1      2      3      4     5       6    7     8     9\n",
       "0     2.30040   0.0  19.58  0.605  6.319  96.1  2.1000  403  14.7  23.8\n",
       "1    13.35980   0.0  18.10  0.693  5.887  94.7  1.7821  666  20.2  12.7\n",
       "2     0.12744   0.0   6.91  0.448  6.770   2.9  5.7209  233  17.9  26.6\n",
       "3     0.15876   0.0  10.81  0.413  5.961  17.5  5.2873  305  19.2  21.7\n",
       "4     0.03768  80.0   1.52  0.404  7.274  38.3  7.3090  329  12.6  34.6\n",
       "..        ...   ...    ...    ...    ...   ...     ...  ...   ...   ...\n",
       "395   0.23912   0.0   9.69  0.585  6.019  65.3  2.4091  391  19.2  21.2\n",
       "396   0.04560   0.0  13.89  0.550  5.888  56.0  3.1121  276  16.4  23.3\n",
       "397   1.38799   0.0   8.14  0.538  5.950  82.0  3.9900  307  21.0  13.2\n",
       "398   7.36711   0.0  18.10  0.679  6.193  78.1  1.9356  666  20.2  11.0\n",
       "399   0.14150   0.0   6.91  0.448  6.169   6.6  5.7209  233  17.9  25.3\n",
       "\n",
       "[400 rows x 10 columns]"
      ]
     },
     "metadata": {},
     "output_type": "display_data"
    },
    {
     "data": {
      "text/html": [
       "<div>\n",
       "<style scoped>\n",
       "    .dataframe tbody tr th:only-of-type {\n",
       "        vertical-align: middle;\n",
       "    }\n",
       "\n",
       "    .dataframe tbody tr th {\n",
       "        vertical-align: top;\n",
       "    }\n",
       "\n",
       "    .dataframe thead th {\n",
       "        text-align: right;\n",
       "    }\n",
       "</style>\n",
       "<table border=\"1\" class=\"dataframe\">\n",
       "  <thead>\n",
       "    <tr style=\"text-align: right;\">\n",
       "      <th></th>\n",
       "      <th>0</th>\n",
       "      <th>1</th>\n",
       "      <th>2</th>\n",
       "      <th>3</th>\n",
       "      <th>4</th>\n",
       "      <th>5</th>\n",
       "      <th>6</th>\n",
       "      <th>7</th>\n",
       "      <th>8</th>\n",
       "      <th>9</th>\n",
       "    </tr>\n",
       "  </thead>\n",
       "  <tbody>\n",
       "    <tr>\n",
       "      <th>0</th>\n",
       "      <td>0.13587</td>\n",
       "      <td>0.0</td>\n",
       "      <td>10.59</td>\n",
       "      <td>0.489</td>\n",
       "      <td>6.064</td>\n",
       "      <td>59.1</td>\n",
       "      <td>4.2392</td>\n",
       "      <td>277</td>\n",
       "      <td>18.6</td>\n",
       "      <td>24.4</td>\n",
       "    </tr>\n",
       "    <tr>\n",
       "      <th>1</th>\n",
       "      <td>0.08664</td>\n",
       "      <td>45.0</td>\n",
       "      <td>3.44</td>\n",
       "      <td>0.437</td>\n",
       "      <td>7.178</td>\n",
       "      <td>26.3</td>\n",
       "      <td>6.4798</td>\n",
       "      <td>398</td>\n",
       "      <td>15.2</td>\n",
       "      <td>36.4</td>\n",
       "    </tr>\n",
       "    <tr>\n",
       "      <th>2</th>\n",
       "      <td>0.26938</td>\n",
       "      <td>0.0</td>\n",
       "      <td>9.90</td>\n",
       "      <td>0.544</td>\n",
       "      <td>6.266</td>\n",
       "      <td>82.8</td>\n",
       "      <td>3.2628</td>\n",
       "      <td>304</td>\n",
       "      <td>18.4</td>\n",
       "      <td>21.6</td>\n",
       "    </tr>\n",
       "    <tr>\n",
       "      <th>3</th>\n",
       "      <td>0.05302</td>\n",
       "      <td>0.0</td>\n",
       "      <td>3.41</td>\n",
       "      <td>0.489</td>\n",
       "      <td>7.079</td>\n",
       "      <td>63.1</td>\n",
       "      <td>3.4145</td>\n",
       "      <td>270</td>\n",
       "      <td>17.8</td>\n",
       "      <td>28.7</td>\n",
       "    </tr>\n",
       "    <tr>\n",
       "      <th>4</th>\n",
       "      <td>0.06860</td>\n",
       "      <td>0.0</td>\n",
       "      <td>2.89</td>\n",
       "      <td>0.445</td>\n",
       "      <td>7.416</td>\n",
       "      <td>62.5</td>\n",
       "      <td>3.4952</td>\n",
       "      <td>276</td>\n",
       "      <td>18.0</td>\n",
       "      <td>33.2</td>\n",
       "    </tr>\n",
       "    <tr>\n",
       "      <th>...</th>\n",
       "      <td>...</td>\n",
       "      <td>...</td>\n",
       "      <td>...</td>\n",
       "      <td>...</td>\n",
       "      <td>...</td>\n",
       "      <td>...</td>\n",
       "      <td>...</td>\n",
       "      <td>...</td>\n",
       "      <td>...</td>\n",
       "      <td>...</td>\n",
       "    </tr>\n",
       "    <tr>\n",
       "      <th>95</th>\n",
       "      <td>0.13262</td>\n",
       "      <td>0.0</td>\n",
       "      <td>8.56</td>\n",
       "      <td>0.520</td>\n",
       "      <td>5.851</td>\n",
       "      <td>96.7</td>\n",
       "      <td>2.1069</td>\n",
       "      <td>384</td>\n",
       "      <td>20.9</td>\n",
       "      <td>19.5</td>\n",
       "    </tr>\n",
       "    <tr>\n",
       "      <th>96</th>\n",
       "      <td>6.80117</td>\n",
       "      <td>0.0</td>\n",
       "      <td>18.10</td>\n",
       "      <td>0.713</td>\n",
       "      <td>6.081</td>\n",
       "      <td>84.4</td>\n",
       "      <td>2.7175</td>\n",
       "      <td>666</td>\n",
       "      <td>20.2</td>\n",
       "      <td>20.0</td>\n",
       "    </tr>\n",
       "    <tr>\n",
       "      <th>97</th>\n",
       "      <td>12.80230</td>\n",
       "      <td>0.0</td>\n",
       "      <td>18.10</td>\n",
       "      <td>0.740</td>\n",
       "      <td>5.854</td>\n",
       "      <td>96.6</td>\n",
       "      <td>1.8956</td>\n",
       "      <td>666</td>\n",
       "      <td>20.2</td>\n",
       "      <td>10.8</td>\n",
       "    </tr>\n",
       "    <tr>\n",
       "      <th>98</th>\n",
       "      <td>10.23300</td>\n",
       "      <td>0.0</td>\n",
       "      <td>18.10</td>\n",
       "      <td>0.614</td>\n",
       "      <td>6.185</td>\n",
       "      <td>96.7</td>\n",
       "      <td>2.1705</td>\n",
       "      <td>666</td>\n",
       "      <td>20.2</td>\n",
       "      <td>14.6</td>\n",
       "    </tr>\n",
       "    <tr>\n",
       "      <th>99</th>\n",
       "      <td>0.35809</td>\n",
       "      <td>0.0</td>\n",
       "      <td>6.20</td>\n",
       "      <td>0.507</td>\n",
       "      <td>6.951</td>\n",
       "      <td>88.5</td>\n",
       "      <td>2.8617</td>\n",
       "      <td>307</td>\n",
       "      <td>17.4</td>\n",
       "      <td>26.7</td>\n",
       "    </tr>\n",
       "  </tbody>\n",
       "</table>\n",
       "<p>100 rows × 10 columns</p>\n",
       "</div>"
      ],
      "text/plain": [
       "           0     1      2      3      4     5       6    7     8     9\n",
       "0    0.13587   0.0  10.59  0.489  6.064  59.1  4.2392  277  18.6  24.4\n",
       "1    0.08664  45.0   3.44  0.437  7.178  26.3  6.4798  398  15.2  36.4\n",
       "2    0.26938   0.0   9.90  0.544  6.266  82.8  3.2628  304  18.4  21.6\n",
       "3    0.05302   0.0   3.41  0.489  7.079  63.1  3.4145  270  17.8  28.7\n",
       "4    0.06860   0.0   2.89  0.445  7.416  62.5  3.4952  276  18.0  33.2\n",
       "..       ...   ...    ...    ...    ...   ...     ...  ...   ...   ...\n",
       "95   0.13262   0.0   8.56  0.520  5.851  96.7  2.1069  384  20.9  19.5\n",
       "96   6.80117   0.0  18.10  0.713  6.081  84.4  2.7175  666  20.2  20.0\n",
       "97  12.80230   0.0  18.10  0.740  5.854  96.6  1.8956  666  20.2  10.8\n",
       "98  10.23300   0.0  18.10  0.614  6.185  96.7  2.1705  666  20.2  14.6\n",
       "99   0.35809   0.0   6.20  0.507  6.951  88.5  2.8617  307  17.4  26.7\n",
       "\n",
       "[100 rows x 10 columns]"
      ]
     },
     "execution_count": 1,
     "metadata": {},
     "output_type": "execute_result"
    }
   ],
   "source": [
    "import pandas as pd\n",
    "import numpy as np\n",
    "\n",
    "train_df = pd.read_csv('boston_train.csv',skiprows=1,header=None)\n",
    "display(train_df)\n",
    "test_df = pd.read_csv('boston_test.csv',skiprows=1,header=None)\n",
    "test_df"
   ]
  },
  {
   "cell_type": "markdown",
   "id": "6e5c1939",
   "metadata": {},
   "source": [
    "####  SageMaker 에서 제공하는 XGBoost를 사용하기 위해 첫번째 컬럼에 레이블이 오도록 데이터셋을 생성하고 S3에 업로드합니다. "
   ]
  },
  {
   "cell_type": "code",
   "execution_count": 2,
   "id": "62a3f16c",
   "metadata": {},
   "outputs": [
    {
     "data": {
      "text/html": [
       "<div>\n",
       "<style scoped>\n",
       "    .dataframe tbody tr th:only-of-type {\n",
       "        vertical-align: middle;\n",
       "    }\n",
       "\n",
       "    .dataframe tbody tr th {\n",
       "        vertical-align: top;\n",
       "    }\n",
       "\n",
       "    .dataframe thead th {\n",
       "        text-align: right;\n",
       "    }\n",
       "</style>\n",
       "<table border=\"1\" class=\"dataframe\">\n",
       "  <thead>\n",
       "    <tr style=\"text-align: right;\">\n",
       "      <th></th>\n",
       "      <th>0</th>\n",
       "      <th>1</th>\n",
       "      <th>2</th>\n",
       "      <th>3</th>\n",
       "      <th>4</th>\n",
       "      <th>5</th>\n",
       "      <th>6</th>\n",
       "      <th>7</th>\n",
       "      <th>8</th>\n",
       "      <th>9</th>\n",
       "    </tr>\n",
       "  </thead>\n",
       "  <tbody>\n",
       "    <tr>\n",
       "      <th>0</th>\n",
       "      <td>23.8</td>\n",
       "      <td>0.0</td>\n",
       "      <td>19.58</td>\n",
       "      <td>0.605</td>\n",
       "      <td>6.319</td>\n",
       "      <td>96.1</td>\n",
       "      <td>2.1000</td>\n",
       "      <td>403</td>\n",
       "      <td>14.7</td>\n",
       "      <td>2.30040</td>\n",
       "    </tr>\n",
       "    <tr>\n",
       "      <th>1</th>\n",
       "      <td>12.7</td>\n",
       "      <td>0.0</td>\n",
       "      <td>18.10</td>\n",
       "      <td>0.693</td>\n",
       "      <td>5.887</td>\n",
       "      <td>94.7</td>\n",
       "      <td>1.7821</td>\n",
       "      <td>666</td>\n",
       "      <td>20.2</td>\n",
       "      <td>13.35980</td>\n",
       "    </tr>\n",
       "    <tr>\n",
       "      <th>2</th>\n",
       "      <td>26.6</td>\n",
       "      <td>0.0</td>\n",
       "      <td>6.91</td>\n",
       "      <td>0.448</td>\n",
       "      <td>6.770</td>\n",
       "      <td>2.9</td>\n",
       "      <td>5.7209</td>\n",
       "      <td>233</td>\n",
       "      <td>17.9</td>\n",
       "      <td>0.12744</td>\n",
       "    </tr>\n",
       "    <tr>\n",
       "      <th>3</th>\n",
       "      <td>21.7</td>\n",
       "      <td>0.0</td>\n",
       "      <td>10.81</td>\n",
       "      <td>0.413</td>\n",
       "      <td>5.961</td>\n",
       "      <td>17.5</td>\n",
       "      <td>5.2873</td>\n",
       "      <td>305</td>\n",
       "      <td>19.2</td>\n",
       "      <td>0.15876</td>\n",
       "    </tr>\n",
       "    <tr>\n",
       "      <th>4</th>\n",
       "      <td>34.6</td>\n",
       "      <td>80.0</td>\n",
       "      <td>1.52</td>\n",
       "      <td>0.404</td>\n",
       "      <td>7.274</td>\n",
       "      <td>38.3</td>\n",
       "      <td>7.3090</td>\n",
       "      <td>329</td>\n",
       "      <td>12.6</td>\n",
       "      <td>0.03768</td>\n",
       "    </tr>\n",
       "    <tr>\n",
       "      <th>...</th>\n",
       "      <td>...</td>\n",
       "      <td>...</td>\n",
       "      <td>...</td>\n",
       "      <td>...</td>\n",
       "      <td>...</td>\n",
       "      <td>...</td>\n",
       "      <td>...</td>\n",
       "      <td>...</td>\n",
       "      <td>...</td>\n",
       "      <td>...</td>\n",
       "    </tr>\n",
       "    <tr>\n",
       "      <th>395</th>\n",
       "      <td>21.2</td>\n",
       "      <td>0.0</td>\n",
       "      <td>9.69</td>\n",
       "      <td>0.585</td>\n",
       "      <td>6.019</td>\n",
       "      <td>65.3</td>\n",
       "      <td>2.4091</td>\n",
       "      <td>391</td>\n",
       "      <td>19.2</td>\n",
       "      <td>0.23912</td>\n",
       "    </tr>\n",
       "    <tr>\n",
       "      <th>396</th>\n",
       "      <td>23.3</td>\n",
       "      <td>0.0</td>\n",
       "      <td>13.89</td>\n",
       "      <td>0.550</td>\n",
       "      <td>5.888</td>\n",
       "      <td>56.0</td>\n",
       "      <td>3.1121</td>\n",
       "      <td>276</td>\n",
       "      <td>16.4</td>\n",
       "      <td>0.04560</td>\n",
       "    </tr>\n",
       "    <tr>\n",
       "      <th>397</th>\n",
       "      <td>13.2</td>\n",
       "      <td>0.0</td>\n",
       "      <td>8.14</td>\n",
       "      <td>0.538</td>\n",
       "      <td>5.950</td>\n",
       "      <td>82.0</td>\n",
       "      <td>3.9900</td>\n",
       "      <td>307</td>\n",
       "      <td>21.0</td>\n",
       "      <td>1.38799</td>\n",
       "    </tr>\n",
       "    <tr>\n",
       "      <th>398</th>\n",
       "      <td>11.0</td>\n",
       "      <td>0.0</td>\n",
       "      <td>18.10</td>\n",
       "      <td>0.679</td>\n",
       "      <td>6.193</td>\n",
       "      <td>78.1</td>\n",
       "      <td>1.9356</td>\n",
       "      <td>666</td>\n",
       "      <td>20.2</td>\n",
       "      <td>7.36711</td>\n",
       "    </tr>\n",
       "    <tr>\n",
       "      <th>399</th>\n",
       "      <td>25.3</td>\n",
       "      <td>0.0</td>\n",
       "      <td>6.91</td>\n",
       "      <td>0.448</td>\n",
       "      <td>6.169</td>\n",
       "      <td>6.6</td>\n",
       "      <td>5.7209</td>\n",
       "      <td>233</td>\n",
       "      <td>17.9</td>\n",
       "      <td>0.14150</td>\n",
       "    </tr>\n",
       "  </tbody>\n",
       "</table>\n",
       "<p>400 rows × 10 columns</p>\n",
       "</div>"
      ],
      "text/plain": [
       "        0     1      2      3      4     5       6    7     8         9\n",
       "0    23.8   0.0  19.58  0.605  6.319  96.1  2.1000  403  14.7   2.30040\n",
       "1    12.7   0.0  18.10  0.693  5.887  94.7  1.7821  666  20.2  13.35980\n",
       "2    26.6   0.0   6.91  0.448  6.770   2.9  5.7209  233  17.9   0.12744\n",
       "3    21.7   0.0  10.81  0.413  5.961  17.5  5.2873  305  19.2   0.15876\n",
       "4    34.6  80.0   1.52  0.404  7.274  38.3  7.3090  329  12.6   0.03768\n",
       "..    ...   ...    ...    ...    ...   ...     ...  ...   ...       ...\n",
       "395  21.2   0.0   9.69  0.585  6.019  65.3  2.4091  391  19.2   0.23912\n",
       "396  23.3   0.0  13.89  0.550  5.888  56.0  3.1121  276  16.4   0.04560\n",
       "397  13.2   0.0   8.14  0.538  5.950  82.0  3.9900  307  21.0   1.38799\n",
       "398  11.0   0.0  18.10  0.679  6.193  78.1  1.9356  666  20.2   7.36711\n",
       "399  25.3   0.0   6.91  0.448  6.169   6.6  5.7209  233  17.9   0.14150\n",
       "\n",
       "[400 rows x 10 columns]"
      ]
     },
     "execution_count": 2,
     "metadata": {},
     "output_type": "execute_result"
    }
   ],
   "source": [
    "train_0 = train_df.iloc[:,0].copy()\n",
    "train_9 = train_df.iloc[:,-1].copy()\n",
    "train_df.iloc[:,0] = train_9\n",
    "train_df.iloc[:,-1]= train_0\n",
    "train_df"
   ]
  },
  {
   "cell_type": "code",
   "execution_count": 3,
   "id": "23144260",
   "metadata": {},
   "outputs": [
    {
     "data": {
      "text/html": [
       "<div>\n",
       "<style scoped>\n",
       "    .dataframe tbody tr th:only-of-type {\n",
       "        vertical-align: middle;\n",
       "    }\n",
       "\n",
       "    .dataframe tbody tr th {\n",
       "        vertical-align: top;\n",
       "    }\n",
       "\n",
       "    .dataframe thead th {\n",
       "        text-align: right;\n",
       "    }\n",
       "</style>\n",
       "<table border=\"1\" class=\"dataframe\">\n",
       "  <thead>\n",
       "    <tr style=\"text-align: right;\">\n",
       "      <th></th>\n",
       "      <th>0</th>\n",
       "      <th>1</th>\n",
       "      <th>2</th>\n",
       "      <th>3</th>\n",
       "      <th>4</th>\n",
       "      <th>5</th>\n",
       "      <th>6</th>\n",
       "      <th>7</th>\n",
       "      <th>8</th>\n",
       "      <th>9</th>\n",
       "    </tr>\n",
       "  </thead>\n",
       "  <tbody>\n",
       "    <tr>\n",
       "      <th>0</th>\n",
       "      <td>24.4</td>\n",
       "      <td>0.0</td>\n",
       "      <td>10.59</td>\n",
       "      <td>0.489</td>\n",
       "      <td>6.064</td>\n",
       "      <td>59.1</td>\n",
       "      <td>4.2392</td>\n",
       "      <td>277</td>\n",
       "      <td>18.6</td>\n",
       "      <td>0.13587</td>\n",
       "    </tr>\n",
       "    <tr>\n",
       "      <th>1</th>\n",
       "      <td>36.4</td>\n",
       "      <td>45.0</td>\n",
       "      <td>3.44</td>\n",
       "      <td>0.437</td>\n",
       "      <td>7.178</td>\n",
       "      <td>26.3</td>\n",
       "      <td>6.4798</td>\n",
       "      <td>398</td>\n",
       "      <td>15.2</td>\n",
       "      <td>0.08664</td>\n",
       "    </tr>\n",
       "    <tr>\n",
       "      <th>2</th>\n",
       "      <td>21.6</td>\n",
       "      <td>0.0</td>\n",
       "      <td>9.90</td>\n",
       "      <td>0.544</td>\n",
       "      <td>6.266</td>\n",
       "      <td>82.8</td>\n",
       "      <td>3.2628</td>\n",
       "      <td>304</td>\n",
       "      <td>18.4</td>\n",
       "      <td>0.26938</td>\n",
       "    </tr>\n",
       "    <tr>\n",
       "      <th>3</th>\n",
       "      <td>28.7</td>\n",
       "      <td>0.0</td>\n",
       "      <td>3.41</td>\n",
       "      <td>0.489</td>\n",
       "      <td>7.079</td>\n",
       "      <td>63.1</td>\n",
       "      <td>3.4145</td>\n",
       "      <td>270</td>\n",
       "      <td>17.8</td>\n",
       "      <td>0.05302</td>\n",
       "    </tr>\n",
       "    <tr>\n",
       "      <th>4</th>\n",
       "      <td>33.2</td>\n",
       "      <td>0.0</td>\n",
       "      <td>2.89</td>\n",
       "      <td>0.445</td>\n",
       "      <td>7.416</td>\n",
       "      <td>62.5</td>\n",
       "      <td>3.4952</td>\n",
       "      <td>276</td>\n",
       "      <td>18.0</td>\n",
       "      <td>0.06860</td>\n",
       "    </tr>\n",
       "    <tr>\n",
       "      <th>...</th>\n",
       "      <td>...</td>\n",
       "      <td>...</td>\n",
       "      <td>...</td>\n",
       "      <td>...</td>\n",
       "      <td>...</td>\n",
       "      <td>...</td>\n",
       "      <td>...</td>\n",
       "      <td>...</td>\n",
       "      <td>...</td>\n",
       "      <td>...</td>\n",
       "    </tr>\n",
       "    <tr>\n",
       "      <th>95</th>\n",
       "      <td>19.5</td>\n",
       "      <td>0.0</td>\n",
       "      <td>8.56</td>\n",
       "      <td>0.520</td>\n",
       "      <td>5.851</td>\n",
       "      <td>96.7</td>\n",
       "      <td>2.1069</td>\n",
       "      <td>384</td>\n",
       "      <td>20.9</td>\n",
       "      <td>0.13262</td>\n",
       "    </tr>\n",
       "    <tr>\n",
       "      <th>96</th>\n",
       "      <td>20.0</td>\n",
       "      <td>0.0</td>\n",
       "      <td>18.10</td>\n",
       "      <td>0.713</td>\n",
       "      <td>6.081</td>\n",
       "      <td>84.4</td>\n",
       "      <td>2.7175</td>\n",
       "      <td>666</td>\n",
       "      <td>20.2</td>\n",
       "      <td>6.80117</td>\n",
       "    </tr>\n",
       "    <tr>\n",
       "      <th>97</th>\n",
       "      <td>10.8</td>\n",
       "      <td>0.0</td>\n",
       "      <td>18.10</td>\n",
       "      <td>0.740</td>\n",
       "      <td>5.854</td>\n",
       "      <td>96.6</td>\n",
       "      <td>1.8956</td>\n",
       "      <td>666</td>\n",
       "      <td>20.2</td>\n",
       "      <td>12.80230</td>\n",
       "    </tr>\n",
       "    <tr>\n",
       "      <th>98</th>\n",
       "      <td>14.6</td>\n",
       "      <td>0.0</td>\n",
       "      <td>18.10</td>\n",
       "      <td>0.614</td>\n",
       "      <td>6.185</td>\n",
       "      <td>96.7</td>\n",
       "      <td>2.1705</td>\n",
       "      <td>666</td>\n",
       "      <td>20.2</td>\n",
       "      <td>10.23300</td>\n",
       "    </tr>\n",
       "    <tr>\n",
       "      <th>99</th>\n",
       "      <td>26.7</td>\n",
       "      <td>0.0</td>\n",
       "      <td>6.20</td>\n",
       "      <td>0.507</td>\n",
       "      <td>6.951</td>\n",
       "      <td>88.5</td>\n",
       "      <td>2.8617</td>\n",
       "      <td>307</td>\n",
       "      <td>17.4</td>\n",
       "      <td>0.35809</td>\n",
       "    </tr>\n",
       "  </tbody>\n",
       "</table>\n",
       "<p>100 rows × 10 columns</p>\n",
       "</div>"
      ],
      "text/plain": [
       "       0     1      2      3      4     5       6    7     8         9\n",
       "0   24.4   0.0  10.59  0.489  6.064  59.1  4.2392  277  18.6   0.13587\n",
       "1   36.4  45.0   3.44  0.437  7.178  26.3  6.4798  398  15.2   0.08664\n",
       "2   21.6   0.0   9.90  0.544  6.266  82.8  3.2628  304  18.4   0.26938\n",
       "3   28.7   0.0   3.41  0.489  7.079  63.1  3.4145  270  17.8   0.05302\n",
       "4   33.2   0.0   2.89  0.445  7.416  62.5  3.4952  276  18.0   0.06860\n",
       "..   ...   ...    ...    ...    ...   ...     ...  ...   ...       ...\n",
       "95  19.5   0.0   8.56  0.520  5.851  96.7  2.1069  384  20.9   0.13262\n",
       "96  20.0   0.0  18.10  0.713  6.081  84.4  2.7175  666  20.2   6.80117\n",
       "97  10.8   0.0  18.10  0.740  5.854  96.6  1.8956  666  20.2  12.80230\n",
       "98  14.6   0.0  18.10  0.614  6.185  96.7  2.1705  666  20.2  10.23300\n",
       "99  26.7   0.0   6.20  0.507  6.951  88.5  2.8617  307  17.4   0.35809\n",
       "\n",
       "[100 rows x 10 columns]"
      ]
     },
     "execution_count": 3,
     "metadata": {},
     "output_type": "execute_result"
    }
   ],
   "source": [
    "test_0 = test_df.iloc[:,0].copy()\n",
    "test_9 = test_df.iloc[:,-1].copy()\n",
    "test_df.iloc[:,0] = test_9\n",
    "test_df.iloc[:,-1]= test_0\n",
    "test_df"
   ]
  },
  {
   "cell_type": "code",
   "execution_count": 4,
   "id": "b7185bb1",
   "metadata": {},
   "outputs": [],
   "source": [
    "train_df.to_csv('boston_train_new.csv', index=False, header=False)\n",
    "test_df.to_csv('boston_valid.csv', index=False, header=False)"
   ]
  },
  {
   "cell_type": "code",
   "execution_count": 5,
   "id": "breathing-rotation",
   "metadata": {},
   "outputs": [
    {
     "data": {
      "text/plain": [
       "'sagemaker-us-east-1-654304825407'"
      ]
     },
     "execution_count": 5,
     "metadata": {},
     "output_type": "execute_result"
    }
   ],
   "source": [
    "import sagemaker\n",
    "\n",
    "sess = sagemaker.Session()\n",
    "bucket = sagemaker.Session().default_bucket()  # replace with an existing bucket if needed\n",
    "prefix = 'sagemaker/DEMO-boston-sm'           # prefix used for all data stored within the bucket\n",
    "\n",
    "# Define IAM role\n",
    "import boto3\n",
    "from sagemaker import get_execution_role\n",
    "\n",
    "role = get_execution_role()\n",
    "bucket"
   ]
  },
  {
   "cell_type": "code",
   "execution_count": 6,
   "id": "sexual-carol",
   "metadata": {},
   "outputs": [],
   "source": [
    "import os \n",
    "boto3.Session().resource('s3').Bucket(bucket).Object(os.path.join(prefix, 'train/train.csv')).upload_file('boston_train_new.csv')\n",
    "boto3.Session().resource('s3').Bucket(bucket).Object(os.path.join(prefix, 'validation/validation.csv')).upload_file('boston_valid.csv')"
   ]
  },
  {
   "cell_type": "markdown",
   "id": "aging-bradley",
   "metadata": {},
   "source": [
    "### SageMaker XGBoost를 이용한 Regression 학습\n"
   ]
  },
  {
   "cell_type": "code",
   "execution_count": 7,
   "id": "shaped-machinery",
   "metadata": {},
   "outputs": [],
   "source": [
    "from sagemaker.amazon.amazon_estimator import image_uris\n",
    "container = image_uris.retrieve('xgboost', region=sess.boto_region_name, version='latest')\n",
    "# https://sagemaker.readthedocs.io/en/stable/api/utility/image_uris.html\n",
    "# URI(Uniform Resource Identifier)\n",
    "# Retrieves the ECR URI for the Docker image matching the given arguments.\n",
    "\n",
    "s3_input_train = sagemaker.inputs.TrainingInput(s3_data='s3://{}/{}/train'.format(bucket, prefix), content_type='csv')\n",
    "s3_input_valid = sagemaker.inputs.TrainingInput(s3_data='s3://{}/{}/validation/'.format(bucket, prefix), content_type='csv')\n"
   ]
  },
  {
   "cell_type": "markdown",
   "id": "subjective-minnesota",
   "metadata": {},
   "source": [
    "- SageMaker를 이용하여 Cloud에서 학습을 실행합니다. (3~5분 정도 소요됩니다.)"
   ]
  },
  {
   "cell_type": "code",
   "execution_count": 8,
   "id": "equal-algebra",
   "metadata": {},
   "outputs": [
    {
     "name": "stderr",
     "output_type": "stream",
     "text": [
      "INFO:sagemaker:Creating training-job with name: xgboost-2023-05-20-08-43-41-671\n"
     ]
    },
    {
     "name": "stdout",
     "output_type": "stream",
     "text": [
      "2023-05-20 08:43:42 Starting - Starting the training job...\n",
      "2023-05-20 08:44:16 Starting - Preparing the instances for training.........\n",
      "2023-05-20 08:45:32 Downloading - Downloading input data...\n",
      "2023-05-20 08:46:02 Training - Downloading the training image...\n",
      "2023-05-20 08:46:48 Training - Training image download completed. Training in progress...\u001b[34mArguments: train\u001b[0m\n",
      "\u001b[34m[2023-05-20:08:47:00:INFO] Running standalone xgboost training.\u001b[0m\n",
      "\u001b[34m[2023-05-20:08:47:00:INFO] File size need to be processed in the node: 0.03mb. Available memory size in the node: 8594.75mb\u001b[0m\n",
      "\u001b[34m[2023-05-20:08:47:00:INFO] Determined delimiter of CSV input is ','\u001b[0m\n",
      "\u001b[34m[08:47:00] S3DistributionType set as FullyReplicated\u001b[0m\n",
      "\u001b[34m[08:47:00] 400x9 matrix with 3600 entries loaded from /opt/ml/input/data/train?format=csv&label_column=0&delimiter=,\u001b[0m\n",
      "\u001b[34m[2023-05-20:08:47:00:INFO] Determined delimiter of CSV input is ','\u001b[0m\n",
      "\u001b[34m[08:47:00] S3DistributionType set as FullyReplicated\u001b[0m\n",
      "\u001b[34m[08:47:00] 100x9 matrix with 900 entries loaded from /opt/ml/input/data/validation?format=csv&label_column=0&delimiter=,\u001b[0m\n",
      "\u001b[34m[08:47:00] src/tree/updater_prune.cc:74: tree pruning end, 1 roots, 10 extra nodes, 0 pruned nodes, max_depth=4\u001b[0m\n",
      "\u001b[34m[0]#011train-rmse:17.7791#011validation-rmse:16.4129\u001b[0m\n",
      "\u001b[34m[08:47:00] src/tree/updater_prune.cc:74: tree pruning end, 1 roots, 8 extra nodes, 0 pruned nodes, max_depth=3\u001b[0m\n",
      "\u001b[34m[1]#011train-rmse:13.5898#011validation-rmse:12.1487\u001b[0m\n",
      "\u001b[34m[08:47:00] src/tree/updater_prune.cc:74: tree pruning end, 1 roots, 10 extra nodes, 0 pruned nodes, max_depth=5\u001b[0m\n",
      "\u001b[34m[2]#011train-rmse:10.8437#011validation-rmse:9.42583\u001b[0m\n",
      "\u001b[34m[08:47:00] src/tree/updater_prune.cc:74: tree pruning end, 1 roots, 16 extra nodes, 0 pruned nodes, max_depth=5\u001b[0m\n",
      "\u001b[34m[3]#011train-rmse:8.3577#011validation-rmse:7.10728\u001b[0m\n",
      "\u001b[34m[08:47:00] src/tree/updater_prune.cc:74: tree pruning end, 1 roots, 20 extra nodes, 0 pruned nodes, max_depth=5\u001b[0m\n",
      "\u001b[34m[4]#011train-rmse:6.73153#011validation-rmse:5.54576\u001b[0m\n",
      "\u001b[34m[08:47:00] src/tree/updater_prune.cc:74: tree pruning end, 1 roots, 14 extra nodes, 0 pruned nodes, max_depth=5\u001b[0m\n",
      "\u001b[34m[5]#011train-rmse:5.97119#011validation-rmse:4.81968\u001b[0m\n",
      "\u001b[34m[08:47:00] src/tree/updater_prune.cc:74: tree pruning end, 1 roots, 28 extra nodes, 0 pruned nodes, max_depth=5\u001b[0m\n",
      "\u001b[34m[6]#011train-rmse:5.11868#011validation-rmse:4.07975\u001b[0m\n",
      "\u001b[34m[08:47:00] src/tree/updater_prune.cc:74: tree pruning end, 1 roots, 32 extra nodes, 0 pruned nodes, max_depth=5\u001b[0m\n",
      "\u001b[34m[7]#011train-rmse:4.47619#011validation-rmse:3.73722\u001b[0m\n",
      "\u001b[34m[08:47:00] src/tree/updater_prune.cc:74: tree pruning end, 1 roots, 40 extra nodes, 0 pruned nodes, max_depth=5\u001b[0m\n",
      "\u001b[34m[8]#011train-rmse:3.90359#011validation-rmse:3.39419\u001b[0m\n",
      "\u001b[34m[08:47:00] src/tree/updater_prune.cc:74: tree pruning end, 1 roots, 32 extra nodes, 0 pruned nodes, max_depth=5\u001b[0m\n",
      "\u001b[34m[9]#011train-rmse:3.61428#011validation-rmse:3.19883\u001b[0m\n",
      "\u001b[34m[08:47:00] src/tree/updater_prune.cc:74: tree pruning end, 1 roots, 18 extra nodes, 0 pruned nodes, max_depth=5\u001b[0m\n",
      "\u001b[34m[10]#011train-rmse:3.44935#011validation-rmse:3.08625\u001b[0m\n",
      "\u001b[34m[08:47:00] src/tree/updater_prune.cc:74: tree pruning end, 1 roots, 28 extra nodes, 0 pruned nodes, max_depth=5\u001b[0m\n",
      "\u001b[34m[11]#011train-rmse:3.32379#011validation-rmse:3.11685\u001b[0m\n",
      "\u001b[34m[08:47:00] src/tree/updater_prune.cc:74: tree pruning end, 1 roots, 20 extra nodes, 0 pruned nodes, max_depth=5\u001b[0m\n",
      "\u001b[34m[12]#011train-rmse:3.15168#011validation-rmse:3.1008\u001b[0m\n",
      "\u001b[34m[08:47:00] src/tree/updater_prune.cc:74: tree pruning end, 1 roots, 20 extra nodes, 0 pruned nodes, max_depth=5\u001b[0m\n",
      "\u001b[34m[13]#011train-rmse:3.0799#011validation-rmse:3.09754\u001b[0m\n",
      "\u001b[34m[08:47:00] src/tree/updater_prune.cc:74: tree pruning end, 1 roots, 34 extra nodes, 0 pruned nodes, max_depth=5\u001b[0m\n",
      "\u001b[34m[14]#011train-rmse:2.99702#011validation-rmse:3.03903\u001b[0m\n",
      "\u001b[34m[08:47:00] src/tree/updater_prune.cc:74: tree pruning end, 1 roots, 28 extra nodes, 0 pruned nodes, max_depth=5\u001b[0m\n",
      "\u001b[34m[15]#011train-rmse:2.9057#011validation-rmse:2.95793\u001b[0m\n",
      "\u001b[34m[08:47:00] src/tree/updater_prune.cc:74: tree pruning end, 1 roots, 42 extra nodes, 0 pruned nodes, max_depth=5\u001b[0m\n",
      "\u001b[34m[16]#011train-rmse:2.79223#011validation-rmse:2.94715\u001b[0m\n",
      "\u001b[34m[08:47:00] src/tree/updater_prune.cc:74: tree pruning end, 1 roots, 26 extra nodes, 0 pruned nodes, max_depth=5\u001b[0m\n",
      "\u001b[34m[17]#011train-rmse:2.68568#011validation-rmse:2.94555\u001b[0m\n",
      "\u001b[34m[08:47:00] src/tree/updater_prune.cc:74: tree pruning end, 1 roots, 44 extra nodes, 0 pruned nodes, max_depth=5\u001b[0m\n",
      "\u001b[34m[18]#011train-rmse:2.64199#011validation-rmse:2.9415\u001b[0m\n",
      "\u001b[34m[08:47:00] src/tree/updater_prune.cc:74: tree pruning end, 1 roots, 18 extra nodes, 0 pruned nodes, max_depth=5\u001b[0m\n",
      "\u001b[34m[19]#011train-rmse:2.62253#011validation-rmse:2.92469\u001b[0m\n",
      "\u001b[34m[08:47:00] src/tree/updater_prune.cc:74: tree pruning end, 1 roots, 30 extra nodes, 0 pruned nodes, max_depth=5\u001b[0m\n",
      "\u001b[34m[20]#011train-rmse:2.57024#011validation-rmse:2.91783\u001b[0m\n",
      "\u001b[34m[08:47:00] src/tree/updater_prune.cc:74: tree pruning end, 1 roots, 32 extra nodes, 0 pruned nodes, max_depth=5\u001b[0m\n",
      "\u001b[34m[21]#011train-rmse:2.46165#011validation-rmse:2.96485\u001b[0m\n",
      "\u001b[34m[08:47:00] src/tree/updater_prune.cc:74: tree pruning end, 1 roots, 16 extra nodes, 0 pruned nodes, max_depth=5\u001b[0m\n",
      "\u001b[34m[22]#011train-rmse:2.44957#011validation-rmse:2.95925\u001b[0m\n",
      "\u001b[34m[08:47:00] src/tree/updater_prune.cc:74: tree pruning end, 1 roots, 18 extra nodes, 0 pruned nodes, max_depth=5\u001b[0m\n",
      "\u001b[34m[23]#011train-rmse:2.431#011validation-rmse:2.92821\u001b[0m\n",
      "\u001b[34m[08:47:00] src/tree/updater_prune.cc:74: tree pruning end, 1 roots, 16 extra nodes, 0 pruned nodes, max_depth=5\u001b[0m\n",
      "\u001b[34m[24]#011train-rmse:2.42324#011validation-rmse:2.92257\u001b[0m\n",
      "\u001b[34m[08:47:00] src/tree/updater_prune.cc:74: tree pruning end, 1 roots, 32 extra nodes, 0 pruned nodes, max_depth=5\u001b[0m\n",
      "\u001b[34m[25]#011train-rmse:2.39042#011validation-rmse:2.92212\u001b[0m\n",
      "\u001b[34m[08:47:00] src/tree/updater_prune.cc:74: tree pruning end, 1 roots, 28 extra nodes, 0 pruned nodes, max_depth=5\u001b[0m\n",
      "\u001b[34m[26]#011train-rmse:2.33513#011validation-rmse:2.91819\u001b[0m\n",
      "\u001b[34m[08:47:00] src/tree/updater_prune.cc:74: tree pruning end, 1 roots, 28 extra nodes, 0 pruned nodes, max_depth=5\u001b[0m\n",
      "\u001b[34m[27]#011train-rmse:2.2714#011validation-rmse:2.91584\u001b[0m\n",
      "\u001b[34m[08:47:00] src/tree/updater_prune.cc:74: tree pruning end, 1 roots, 22 extra nodes, 0 pruned nodes, max_depth=5\u001b[0m\n",
      "\u001b[34m[28]#011train-rmse:2.23424#011validation-rmse:2.90432\u001b[0m\n",
      "\u001b[34m[08:47:00] src/tree/updater_prune.cc:74: tree pruning end, 1 roots, 28 extra nodes, 0 pruned nodes, max_depth=5\u001b[0m\n",
      "\u001b[34m[29]#011train-rmse:2.20547#011validation-rmse:2.89707\u001b[0m\n",
      "\u001b[34m[08:47:00] src/tree/updater_prune.cc:74: tree pruning end, 1 roots, 32 extra nodes, 0 pruned nodes, max_depth=5\u001b[0m\n",
      "\u001b[34m[30]#011train-rmse:2.15926#011validation-rmse:2.91714\u001b[0m\n",
      "\u001b[34m[08:47:00] src/tree/updater_prune.cc:74: tree pruning end, 1 roots, 26 extra nodes, 0 pruned nodes, max_depth=5\u001b[0m\n",
      "\u001b[34m[31]#011train-rmse:2.12515#011validation-rmse:2.92564\u001b[0m\n",
      "\u001b[34m[08:47:00] src/tree/updater_prune.cc:74: tree pruning end, 1 roots, 14 extra nodes, 0 pruned nodes, max_depth=5\u001b[0m\n",
      "\u001b[34m[32]#011train-rmse:2.11973#011validation-rmse:2.91929\u001b[0m\n",
